66.111
56.812
78.428
74.489
68.051
68.997
59.316
65.549
72.897
80.493
71.945
64.081
63.153
66.489
53.612
63.75
72.069
57.632
60.667
60.124
68.015
78.772
57.076
53.056
78.595
55.244
45.668
50.557
70.058
67.538
55.258
71.46
76.834
70.565
76.629
75.233
68.196
81.605
59.29
54.048
53.007
42.553
50.664
62.688
63.532
70.972
51.415
51.936
58.116
53.84
74.935
68.573
68.185
60.135
57.882
68.619
51.746
38.01
36.362
31.068
59.466
91.775
73.659
80.202
66.572
57.471
60.696
78.538
67.143
75.95
72.978
67.153
62.421
46.454
50.19
47.41
36.36
68.902
38.924
44.953
65.645
95.607
93.227
78.86
74.05
92.769
91.514
81.137
81.78
55.19
56.516
71.843
93.173
90.139
84.507
80.331
70.714
59.787
75.074
69.34
62.904
71.571
78.948
86.662
80.111
82.271
79.36
70.906
72.56
81.412
83.531
81.439
82.719
83.264
88.623
72.337
68.263
79.015
78.096
64.92
72.428
89.513
85.049
63.894
54.188
51.881
76.521
71.192
74.944
60.737
65.755
71.696
60.499
76.453
55.907
67.505
71.152
83.474
98.943
91.63
91.504
89.222
81.355
75.979
67.301
63.342
60.6
54.092
46.942
47.763
55.75
84.608
89.505
91.525
83.682
74.12
68.464
70.996
70.622
69.199
71.3
69.56
78.581
74.359
67.917
63.36
57.984
48.966
46.789
46.648
57.016
61.396
61.909
63.92
66.462
66.33
67.705
69.687
69.703
67.452
68.067
67.805
68.854
60.369
58.624
58.005
57.217
58.23
59.866
61.964
68.078
71.831
77.825
79.421
80.971
81.846
82.108
80.994
84.467
83.801
86.391
80.184
66.951
58.782
45.959
41.987
38.891
38.184
44.488
55.902
62.701
66.401
68.879
70.679
75.191
78.879
81.46
83.422
84.785
87.277
85.952
71.811
62.113
45.445
41.655
39.815
43.495
48.726
55.077
64.517
64.963
68.0
69.293
67.784
71.898
80.402
85.559
87.057
85.896
81.645
72.898
65.307
53.121
40.571
40.717
44.992
46.841
51.62
61.881
66.22
68.743
72.676
78.572
81.145
82.972
81.134
79.386
82.635
75.22
71.025
68.855
80.052
87.309
78.971
72.552
83.015
91.687
96.494
97.947
98.562
98.764
99.024
99.084