1.072
1.073
1.149
1.074
1.074
1.075
1.076
1.075
1.181
1.075
1.075
1.076
1.092
1.075
1.075
1.075
1.076
1.076
1.074
1.077
1.074
1.024
1.075
1.073
1.073
1.125
1.075
1.074
1.071
1.254
1.073
1.072
1.072
1.071
1.07
1.022
1.07
1.071
1.073
1.072
1.072
1.073
1.072
1.073
1.072
1.073
1.072
1.072
1.072
1.072
1.072
1.072
1.074
1.073
1.073
1.073
1.074
1.073
1.073
1.071
1.067
1.066
1.067
1.036
1.068
1.068
1.066
1.067
1.067
1.069
1.069
1.069
1.009
1.038
1.07
1.032
1.069
1.068
1.069
1.068
1.068
1.067
1.067
0.901
1.066
1.093
1.068
1.066
1.068
1.067
1.067
1.028
1.067
1.068
1.069
1.081
1.071
1.071
1.07
1.071
1.069
1.069
1.068
1.069
1.07
1.072
1.071
1.072
1.069
1.068
1.067
1.067
1.067
1.066
1.067
1.066
1.065
1.064
1.061
1.062
1.062
1.06
1.06
1.061
1.062
1.063
1.062
1.062
1.063
1.065
1.068
1.068
1.068
1.068
1.067
1.067
1.066
1.063
1.065
1.065
1.062
1.061
1.061
1.064
1.064
1.063
1.063
1.062
1.062
1.063
1.061
1.059
1.062
1.064
1.065
1.064
1.064
1.065
1.064
1.065
1.063
1.064
1.066
1.066
1.064
1.064
1.064
1.065
1.066
1.065
1.065
1.065
1.065
1.066
1.068
1.068
1.068
1.066
1.067
1.067
1.067
1.067
1.069
1.07
1.067
1.066
1.068
1.069
1.068
1.067
1.067
1.067
1.067
1.069
1.068
1.067
1.068
1.068
1.067
1.067
1.068
1.069
1.07
1.069
1.067
1.068
1.069
1.07
1.066
1.067
1.067
1.067
1.069
1.068
1.068
1.068
1.068
1.069
1.067
1.067
1.068
1.068
1.067
1.067
1.068
1.067
1.066
1.067
1.065
1.066
1.067
1.068
1.069
1.068
1.067
1.068
1.066
1.065
1.065
1.066
1.067
1.066
1.066
1.067
1.067
1.067
1.066
1.066
1.065
1.066
1.065
1.067
1.066
1.066
1.065
1.065
1.065
1.064
1.065
1.066
1.064
1.063
1.063
1.063
1.062
1.061
1.06
1.061
1.063
1.064
1.066
1.066
1.065
