47.292
55.032
44.347
31.15
25.537
15.501
16.928
13.899
15.754
12.767
7.874
-0.959
7.499
6.891
24.365
24.928
24.791
34.783
29.399
36.975
38.701
34.942
44.423
46.154
38.243
45.69
44.433
45.867
39.066
30.502
27.479
27.371
40.938
44.167
42.847
42.362
45.175
36.081
41.723
40.911
41.627
48.779
41.627
38.559
36.182
29.483
40.283
41.947
40.853
44.641
36.676
41.465
40.976
44.915
37.884
28.147
29.015
38.803
35.576
43.813
43.31
38.542
44.362
36.443
42.88
45.448
47.779
36.988
41.059
40.465
39.741
39.798
38.163
45.302
38.109
42.539
48.767
33.022
50.052
45.368
36.975
28.104
26.165
32.807
35.638
28.817
27.499
29.714
24.436
40.159
36.467
36.106
26.108
27.818
39.854
46.096
38.808
37.82
30.608
34.632
34.788
29.799
34.525
29.449
27.614
21.881
11.876
8.415
8.901
12.974
21.356
13.07
13.611
27.549
26.759
41.488
42.153
42.923
46.459
44.662
44.07
42.16
43.793
46.092
40.809
41.775
40.936
42.658
34.938
36.617
37.761
39.598
41.967
32.939
45.244
40.963
43.839
45.717
34.885
34.527
34.176
34.511
37.201
39.042
43.062
46.062
48.501
50.671
53.397
53.538
50.145
42.318
37.784
35.486
34.079
33.864
33.004
31.605
30.506
29.881
29.316
31.268
31.061
32.692
34.854
37.132
38.645
40.104
41.213
41.007
36.928
35.382
35.19
35.193
34.83
34.611
35.144
35.277
35.616
36.709
36.745
37.213
37.506
41.808
43.356
44.313
44.842
44.328
43.936
43.396
41.252
39.964
37.49
36.64
36.013
35.849
35.558
35.915
34.335
33.718
32.193
36.32
40.99
43.385
46.649
48.688
50.097
49.792
46.361
41.079
38.751
37.397
36.954
36.423
34.092
32.095
31.079
29.86
28.329
26.839
28.996
34.45
39.304
44.411
48.917
52.496
51.651
49.157
46.605
44.118
43.72
42.393
40.395
39.763
38.723
35.319
32.15
31.621
31.596
33.986
38.41
42.451
48.818
54.346
52.96
51.182
50.544
49.409
47.534
46.706
46.077
44.371
41.15
40.098
38.795
40.366
40.827
40.199
44.279
47.049
50.317
49.067
48.935
51.972
54.572
48.063
41.816
38.705
37.398
36.433
35.414
34.708
34.318