180
315
270
292.50
292.50
257.50
202.50
257.50
0.00
0.00
337.50
0.00
337.50
0.00
0.00
180
270
202.50 
270
67.50
337.50
337.50
180
180
257.50
180
337.50
270
270
157.50
157.50
157.50
247.50
225.00
0.00
0.00
337.50
315.00
135.00
180
157.50
202.50
202.50
157.50
202.50
180
180
247.50
247.50
0.00
337.5
157.50
180
180
180
180
157.50
180
180
157.50
157.50
135.00
90.00
0.00
22.5
0.00
22.5
0.00
0.00
0.00
337.50
337.50
337.50
0.00
0.00
0.00
0.00
0.00
337.50
315.00
315
247.5
315.00
292.50
315
202.50
225.00
225.00
337.50
225.00
202.50
225.00
45.00
112.50
157.50
202.50
225.00
180
135
90
45
0.00
157.50
180
202.50
135.00
180
180
157.50
157.50
157.50
112.50
157.50
157.50
180
180
157.50
180
157.50
135.00
157.50
180
180
157.50
157.50
135.00
0.00
0.00
45
22.50
0.00
22.50
112.50
135.00
180
180
180
180
202.50
0.00
0.00
22.50
0.00
0.00
22.50
0.00
22.50
22.50
45
0.00
67.50
0.00
0.00
270
315.00
0.00
0.00
0.00
0.00
22.50
0.00
0.00
0.00
270
292.50
0.00
67.50
67.50
90
22.50
22.5
0.00
0.00
337.50
0.00
0.00
337.50
0.00
337.50
0.00
0.00
112.50
112.50
292.50
292.50
45
90.00
90.00
67.50
67.50
45
67.50
90
90
90
112.50
135.00
157.50
135.00
135.00
135.00
135.00
135.00
135.00
135.00
135.00
135.00
135.00
135.00
135.00
157.50
157.50
157.50
157.50
180
180
180
202.50
225.00
225.00
180
180
180
180
180
180
202.50
202.50
180
180
202.50
180
180
180
180
202.50
180
180
180
180
180
180
180
180
180
180
180
180
202.50
202.50
202.50
180
202.50
202.50
202.50
180
157.50
180
180
202.50
202.50
180
202.50
202.50
202.50
180
180
202.50
202.50
202.50
180
202.50
202.50