10.8
25.2
14.4
3.6
39.6
14.4
7.2
10.8
14.4
14.4
18
14.4
7.2
10.8
10.8
28.8
18
14.4
14.4
10.8
25.2
14.4
7.2
21.6
7.2
21.6
18
10.8
14.4
14.4
18
25.2
14.4
7.2
3.6
7.2
10.8
3.6
32.4
18
18
21.6
18
7.2
25.2
21.6
10.8
10.8
3.6
3.6
10.8
3.6
21.6
25.2
21.6
21.6
14.4
7.2
10.8
21.6
18
7.2
3.6
18
18.5
14.4
14.4
14.4
14.4
14.4
14.4
7.2
3.6
10.8
10.8
10.8
10.8
7.2
7.2
3.6
0
0
7.2
3.6
0
3.6
18
10.8
7.2
10.8
25.2
3.6
3.6
14.4
21.6
7.2
14.4
7.2
0
14.4
10.8
3.6
21.6
18
10.8
7.2
10.8
10.8
14.4
18
14.4
10.8
21.6
14.4
32.4
28.8
10.8
7.2
10.8
7.2
21.6
25.2
21.6
25.2
36
18
3.6
7.2
7.2
3.6
7.2
7.2
18
28.8
3.6
10.8
18
14.4
18
7.4
6
7.4
7.2
5.6
9.3
9.3
7.2
7.4
3.7
3.7
3.6
1.9
1.9
5.6
3.6
5.6
5.6
3.7
3.6
7.4
5.6
1.9
0
3.7
3.7
1.9
7.2
11.1
7.4
5.6
0
1.9
0
3.7
3.6
5.6
3.7
3.7
7.2
5.6
5.6
3.7
0
3.7
0
3.7
10.8
7.4
9.3
5.6
3.6
5.6
3.7
5.6
7.2
16.7
20.4
24.1
25.2
25.9
29.6
25.9
36
33.3
33.3
27.8
25.2
31.5
29.6
31.5
32.4
27.8
25.9
18.5
18
11.1
9.3
5.6
3.6
5.6
3.7
7.4
10.8
11.1
7.4
13
10.8
7.4
9.3
13
7.2
14.8
11.1
11.1
14.4
13
13
18.5
18
16.7
16.7
18.5
18
18.5
16.7
20.4
21.6
25.9
22.2
20.4
25.2
22.2
18.5
14.8
14.4
13
7.4
11.1
21.6
16.7
14.8
16.7
14.4
16.7
20.4
24.1
25.2
22.2
22.2
18.5
25.2
18.5
18.5